#DataThief /Users/Chia Viral Load figure.jpg Wednesday 1-Dec-2021 1:52:10 PM
1.5255, 19.0827
2.0053, 18.9343
2.4727, 19.0305
3.0264, 19.0286
3.4938, 19.4184
3.9859, 19.7103
4.5026, 20.5892
5.0316, 21.2724
5.5114, 22.3473
6.0158, 23.3731
6.4956, 24.5457
7.0246, 25.8651
7.529, 27.1844
8.0088, 28.3572
8.5624, 29.7743
9.0299, 30.7513
9.5466, 31.9239
10.0141, 33.0967
10.5554, 34.2692
11.0228, 35.2462
11.5641, 36.0272
12.0316, 36.9062
12.5237, 37.6875
13.0404, 38.3708
13.5325, 39.0541
14.0492, 39.7374
14.5413, 40.4207
15.0088, 40.9083
15.5255, 41.4938
16.0176, 41.8835
16.5589, 42.4687
17.0264, 42.7608
17.5185, 43.2484
18.0351, 43.638
18.5518, 43.9298
19.0193, 44.2218
19.5114, 44.5137
20.0281, 44.8054
20.5448, 45.1951
21.0123, 45.487
21.5044, 45.5832
22.0457, 45.9727
22.5377, 45.971
23.0299, 46.3608
23.5466, 46.4567
24.0141, 46.6509
24.5554, 46.8448
25.0475, 46.9409
25.5394, 47.1349
26.0316, 47.3289
26.5237, 47.523
27.0404, 47.7168
27.5571, 47.7151
28.0246, 47.8113
