#DataThief /Users/Chia Viral Load figure.jpg Wednesday 1-Dec-2021 6:19:50 PM
1.5255, 19.3274
2.0053, 19.4725
2.4727, 19.5688
3.0264, 19.6158
3.4938, 19.712
3.9982, 19.906
4.4903, 20.4914
5.0316, 20.6362
5.4868, 21.0751
6.0281, 21.6115
6.5079, 22.0991
7.0246, 22.6356
7.5413, 23.1231
8.0088, 23.6108
8.5377, 24.1472
9.0053, 24.5859
9.5466, 25.1713
9.9895, 25.659
10.5308, 26.3422
11.0228, 26.7319
11.4903, 27.1218
12.007, 27.7071
12.499, 27.999
12.9666, 28.5846
13.5571, 28.974
14.0, 29.3639
14.4921, 29.7536
15.0088, 30.339
15.5255, 30.6308
15.9929, 30.9226
16.5097, 31.3124
16.9771, 31.7022
17.5431, 32.0917
18.0598, 32.4814
18.5272, 32.6755
19.0439, 33.0651
19.536, 33.4548
20.0527, 33.8445
20.5448, 34.1364
20.963, 34.3306
21.5044, 34.6223
21.9965, 35.11
22.5131, 35.1081
23.0053, 35.4979
23.4974, 35.6919
23.9895, 36.0816
24.5062, 36.3734
25.0228, 36.5673
25.4903, 36.7614
26.007, 36.9554
26.5237, 37.2472
27.0158, 37.539
27.5325, 37.8308
28.0, 37.927
